$Molecule
0 1
C      0.22532277    0.01828015   -0.61023881
C     -0.29019686   -0.02946536    0.79499375
O     -0.99726862    0.84437512    1.28575448
C      5.92541478   -0.00000001    0.00000001
H     -0.12135214    0.92827325   -1.10611079
H     -0.14089387   -0.85479547   -1.15526491
H      1.31754825    0.00835294   -0.59089783
H      0.00684047   -0.91502064    1.38176411
H      5.56134679    0.64420054   -0.80334281
H      5.56134778   -1.01781605   -0.15622162
H      5.56135038    0.37361568    0.95956653
H      7.01761416   -0.00000017   -0.00000210