lsf  0.7
theory  b3lyp/6-31+G*
nnode  20
xyz  1
tol  0.05
nlstnodes  100
method  fsm
nsteps  6
name  0002

geometry (
0 1
C     -5.43161675   -1.43950226    5.72956633
C     -4.57248977   -1.14488018    4.74748515
C     -4.06912092   -2.13141372    3.82439498
C     -3.19372826   -1.84166832    2.85504733
C     -0.01745837    0.66766544    0.00012765
C      0.01745833   -0.66766545   -0.00012762
H      0.70463906    1.24673229   -0.56692577
H     -0.76882589    1.20798691    0.56739501
H      0.76882591   -1.20798678   -0.56739502
H     -0.70463904   -1.24673242    0.56692575
H     -5.78471640   -0.66453387    6.40267419
H     -5.80184382   -2.44676202    5.89166565
H     -4.23231905   -0.11783075    4.63197084
H     -4.42300942   -3.15501385    3.92905606
H     -2.80628616   -0.83883846    2.70627245
H     -2.84104107   -2.61710085    2.18226405
****
C     -0.12184363   -0.83224931    2.47270318
C      0.10743094   -0.47715246    1.20297406
C     -0.88052546   -0.61774991    0.15774927
C     -0.74726824   -0.26109728   -1.12916763
C      0.92004357    1.53078488   -1.39570389
C      0.38655328    0.36185721   -1.76988143
H      1.75323021    1.95915452   -1.94308568
H      0.53770109    2.08919487   -0.54665699
H      0.77108580   -0.14346365   -2.65330204
H     -1.82096018    2.47676416   -1.89714707
H      0.65279258   -0.71441929    3.22402654
H     -1.07214248   -1.24352926    2.79730198
H      1.08291570   -0.07607999    0.93977327
H     -1.82076382   -1.08437063    0.44994264
H     -1.56920955   -0.49087972   -1.80667330
H     -2.08703190    2.37972748   -1.21348800
)
