lsf  0.7
theory  b3lyp/6-31+G*
nnode  20
xyz  1
tol  0.05
nlstnodes  100
method  fsm
nsteps  6
name  0000

geometry (
0 1
C     -0.24071504   -0.31693443    4.75290845
C      0.10925974   -0.99011639    3.65086900
C      1.25823681   -0.68821079    2.83255821
C      1.62959158    0.54279453    2.46085222
C     -0.01745837    0.66766546    0.00012765
C      0.01745832   -0.66766547   -0.00012762
H      0.70463906    1.24673227   -0.56692577
H     -0.76882589    1.20798690    0.56739501
H      0.76882591   -1.20798677   -0.56739502
H     -0.70463904   -1.24673242    0.56692575
H     -1.10746564   -0.61919544    5.33176180
H      0.32335041    0.53902388    5.10931060
H     -0.46887322   -1.86306863    3.35408378
H      1.81765606   -1.54634624    2.46502923
H      1.08459360    1.42809086    2.77241026
H      2.49483297    0.68847576    1.82225367
****
C     -2.15722523    0.90785730    0.19603457
C     -1.22549578    0.52283590   -0.68201857
C     -0.26511811   -0.58020138   -0.39275779
C      0.38326851   -0.65604131    1.01595463
C      1.57098315    0.15298944    0.46694806
C      1.16940393   -0.32892780   -0.93995946
H      1.47067663    1.23463218    0.61193375
H      2.55854424   -0.16155750    0.81356545
H      1.27868416    0.41591587   -1.73402999
H      1.68386401   -1.24538262   -1.25271667
H     -2.85381582    1.70207522   -0.05701690
H     -2.25788942    0.45940491    1.17876848
H     -1.18033768    0.99047445   -1.66264703
H     -0.68556434   -1.53761766   -0.72506343
H     -0.14346873   -0.19713570    1.85614736
H      0.65349047   -1.67932131    1.30685754
)
