 AUX LARGE CHARGE=0 SINGLET PM6 GEO-OK
C -0.00000055 1 0.00000001 1 -0.00000003 1
H -0.00000003 1 1.06844453 1 -0.17418436 1
H 7.60091516 1 0.04613907 1 0.05860778 1
H -0.00000240 1 -0.38337419 1 1.01239230 1
H 0.00000297 1 -0.68507034 1 -0.83820792 1
Ni 6.45354989 1 -0.00922772 1 -0.01172071 1
Ni 5.62688097 1 1.88015079 1 -1.38913398 1
Ni 8.93354989 1 -0.00922772 1 -0.01172071 1
Ni 5.62687797 1 0.23896053 1 2.31323437 1
Ni 5.62689223 1 -2.14679495 1 -0.95926674 1
H 2.24852543 1 -3.40754249 1 0.00000000 1
                                                                                                                                                                                                                                                 
