LARGE CHARGE=0 SINGLET PM7


Ni -0.66615298 1 0.81817673 1 0.90587171 1
Ni -2.01736379 1 -1.05046046 1 0.57864613 1
Ni -0.14478177 1 -0.91172830 1 -0.24455962 1
Ni -2.34228154 1 0.68534955 1 -0.00062915 1
Ni -0.24330303 1 1.27678194 1 -0.80040344 1
Ni -1.92202217 1 -0.94056176 1 -1.51204772 1
O 2.42358107 1 -0.62395177 1 0.25478754 1
C 2.44123694 1 -0.65261904 1 -0.66398166 1
C 2.33834287 1 -0.11204298 1 -0.33580378 1
C 1.27799414 1 0.46046790 1 0.83694438 1
C 1.23165403 1 0.35690727 1 0.81404832 1
H -0.23717618 1 1.60468037 1 0.38970173 1
H 3.34562345 1 -1.09768930 1 1.17102289 1
                                                                                                                                                                                                                                                 
