 AUX LARGE CHARGE=0 SINGLET PM6 GEO-OK
C 0.00000008 1 -0.00000022 1 0.00000004 1
H 6.16240101 1 1.23522306 1 -0.35177024 1
H 1.02063734 1 0.35614941 1 -0.05805964 1
H -0.51032034 1 -0.02722705 1 0.95433000 1
H -0.51031708 1 -0.32892214 1 -0.89627039 1
Ni 6.47130210 1 0.16353898 1 -0.25640970 1
Ni 0.00000000 1 -5.49230624 1 0.00000000 1
Ni 8.95130210 1 0.16353898 1 -0.25640970 1
Ni 5.64463018 1 0.41172723 1 2.06854538 1
Ni 5.64464444 1 -1.97402825 1 -1.20395573 1
H 6.57485597 1 -5.49230624 1 0.00000000 1
                                                                                                                                                                                                                                                 
