lsf  0.7
theory  b3lyp/6-31+G*
nnode  20
xyz  1
tol  0.05
nlstnodes  100
method  fsm
nsteps  6
name  0001

geometry (
0 1
C      5.96999898    0.18329457    1.04899004
C      6.37817287   -0.51343100   -0.01782616
C      7.48796040   -0.14768126   -0.86376691
C      8.67468009    0.28633455   -0.42246645
C     -0.01745837    0.66766544    0.00012765
C      0.01745833   -0.66766545   -0.00012762
H      0.70463906    1.24673229   -0.56692577
H     -0.76882589    1.20798691    0.56739501
H      0.76882591   -1.20798678   -0.56739502
H     -0.70463904   -1.24673242    0.56692575
H      5.10922758   -0.14247109    1.62402561
H      6.47078138    1.09062897    1.37120748
H      5.82112066   -1.39777780   -0.32114411
H      7.33770270   -0.29103360   -1.93208909
H      8.88552897    0.41263462    0.63462446
H      9.47130523    0.51950204   -1.12155487
****
C      0.54191155    0.78617111   -0.13483467
C     -0.96056391    0.61623874   -0.11948674
C     -0.89657400   -0.70619291    0.11898285
C      0.61528288   -0.73012009    0.13514865
C      6.75091684    0.66766542    0.00012690
C      6.78583477   -0.66766542   -0.00012687
H      7.47301441    1.24673210   -0.56692649
H      5.99954817    1.20798660    0.56739297
H      7.53720351   -1.20798647   -0.56739298
H      6.06373726   -1.24673223    0.56692648
H      0.96340940    1.40905386    0.66168659
H      0.98093545    1.09824886   -1.08872649
H     -1.77865463    1.31801968   -0.25286576
H     -1.64308190   -1.48375829    0.25193735
H      1.08189654   -0.99833148    1.08928620
H      1.09543863   -1.30932946   -0.66112797
)
